0.000000000000000000e+00 9.665907365223993963e+01 1.138952164009111589e+00 2.126044039483674819e+00 7.593014426727411059e-02 0.000000000000000000e+00
0.000000000000000000e+00 9.790870249606476250e+01 7.645603777827749692e-01 1.248032381380706157e+00 7.870474477175623540e-02 0.000000000000000000e+00
1.000000000000000000e+00 9.749007373794668752e+01 8.720930232558139483e-01 1.531480431083380722e+00 1.063528077141236566e-01 0.000000000000000000e+00
1.000000000000000000e+00 9.754475341399560762e+01 8.915304606240712637e-01 1.457581546734592726e+00 1.061345786457227741e-01 0.000000000000000000e+00
2.000000000000000000e+00 9.658583046377023607e+01 1.216206315480987676e+00 2.066085427503846272e+00 1.318777932449263779e-01 0.000000000000000000e+00
2.000000000000000000e+00 9.660829899941141719e+01 1.265450264861683438e+00 1.986462625073572630e+00 1.397881106533254703e-01 0.000000000000000000e+00
3.000000000000000000e+00 9.499842717835797146e+01 1.840201321170179316e+00 2.925448254167977158e+00 2.359232463038691274e-01 0.000000000000000000e+00
3.000000000000000000e+00 9.486473733878577264e+01 1.926706511481597994e+00 2.980497011638880256e+00 2.044668134633532419e-01 2.359232463038691413e-02
4.000000000000000000e+00 9.211451101397103969e+01 3.051341390245992713e+00 4.542727350647124851e+00 2.914202451358532397e-01 0.000000000000000000e+00
4.000000000000000000e+00 9.240139705255984381e+01 2.845216798705170635e+00 4.455234687792827053e+00 2.981514609421586082e-01 0.000000000000000000e+00
5.000000000000000000e+00 8.821109123434705168e+01 4.534883720930232620e+00 6.779964221824687165e+00 4.740608228980321970e-01 0.000000000000000000e+00
5.000000000000000000e+00 8.729414593100132436e+01 4.688063469166967145e+00 7.705253035220580138e+00 3.125375646111311356e-01 0.000000000000000000e+00
6.000000000000000000e+00 8.185975609756097526e+01 7.044860627177699897e+00 1.057273519163762998e+01 5.008710801393727596e-01 2.177700348432055899e-02
6.000000000000000000e+00 8.267883941970985973e+01 6.978489244622311460e+00 9.717358679339669791e+00 6.253126563281640182e-01 0.000000000000000000e+00
7.000000000000000000e+00 7.495933489969274888e+01 9.651183806253389008e+00 1.469365624435206819e+01 6.958250497017892666e-01 0.000000000000000000e+00
7.000000000000000000e+00 7.561216429699841513e+01 1.001184834123222878e+01 1.343799368088467716e+01 9.379936808846762730e-01 0.000000000000000000e+00
8.000000000000000000e+00 6.627438835552801777e+01 1.455558996593372711e+01 1.803447919892639462e+01 1.135542479611850952e+00 0.000000000000000000e+00
8.000000000000000000e+00 6.619305160876341176e+01 1.375928132734439480e+01 1.913099275827298484e+01 9.166743056192135919e-01 0.000000000000000000e+00
9.000000000000000000e+00 5.561556064073226224e+01 1.901144164759725541e+01 2.424713958810068704e+01 1.116704805491990804e+00 9.153318077803203681e-03
9.000000000000000000e+00 5.596919127086007251e+01 1.971544715447154417e+01 2.282841249465126054e+01 1.486949080017115898e+00 0.000000000000000000e+00
1.000000000000000000e+01 4.455307262569832716e+01 2.496275605214152549e+01 2.910614525139664721e+01 1.378026070763500810e+00 0.000000000000000000e+00
1.000000000000000000e+01 4.519010785488615056e+01 2.546028979191633113e+01 2.761738751497984623e+01 1.710425972328140309e+00 2.178886588953045031e-02
1.100000000000000000e+01 3.534123326750054872e+01 3.165459732280008609e+01 3.113890717577353229e+01 1.865262233925828461e+00 0.000000000000000000e+00
1.100000000000000000e+01 3.443645083932853623e+01 3.136690647482014427e+01 3.258513189448441238e+01 1.592326139088728887e+00 1.918465227817745672e-02
1.200000000000000000e+01 2.623076083397009128e+01 3.755048575483026241e+01 3.421023905687152222e+01 2.008514354328130302e+00 0.000000000000000000e+00
1.200000000000000000e+01 2.569622753308315311e+01 3.734939759036144125e+01 3.515702152873789998e+01 1.747975508591743887e+00 4.937783922575548351e-02
1.300000000000000000e+01 1.824412861606693070e+01 4.277794577159560419e+01 3.715351275073076920e+01 1.763935087188791329e+00 6.047777441790141983e-02
1.300000000000000000e+01 1.856925418569253949e+01 4.320504457490758909e+01 3.610567514677104128e+01 2.076538377908240918e+00 4.348771472059143051e-02
1.400000000000000000e+01 1.227319062181447507e+01 4.860346585117227391e+01 3.722731906218144360e+01 1.804281345565749151e+00 9.174311926605505096e-02
1.400000000000000000e+01 1.262973888342619944e+01 4.872719326996612921e+01 3.647984267453293938e+01 2.130449033103900547e+00 3.277613897082923972e-02
1.500000000000000000e+01 8.664442422404206923e+00 5.227985036902234128e+01 3.728642199979779548e+01 1.718734202810635825e+00 5.055100596501870686e-02
1.500000000000000000e+01 8.711669736699533928e+00 5.301766171849604348e+01 3.609275111062954267e+01 2.102069563332972013e+00 7.584787084191137174e-02
2.000000000000000000e+01 8.809993425378039866e-01 6.516765285996055468e+01 3.155818540433925179e+01 1.814595660749506845e+00 5.785667324128862532e-01
2.000000000000000000e+01 8.946078431372548323e-01 6.485294117647059409e+01 3.203431372549020040e+01 1.605392156862744946e+00 6.127450980392157298e-01
2.500000000000000000e+01 2.220248667850799329e-02 6.336589698046181240e+01 3.161634103019538244e+01 1.953818827708703632e+00 3.041740674955594859e+00
2.500000000000000000e+01 6.325110689437064837e-02 6.314568838288003860e+01 3.187855787476280867e+01 1.897533206831119479e+00 3.014969428631667725e+00
3.000000000000000000e+01 0.000000000000000000e+00 4.876893939393939092e+01 3.716856060606060908e+01 2.225378787878788067e+00 1.183712121212121282e+01
3.000000000000000000e+01 0.000000000000000000e+00 4.995024875621890459e+01 3.641791044776119435e+01 2.288557213930348055e+00 1.134328358208955301e+01
3.500000000000000000e+01 0.000000000000000000e+00 2.990074441687344731e+01 4.168734491315136381e+01 2.977667493796526177e+00 2.543424317617866137e+01
3.500000000000000000e+01 0.000000000000000000e+00 2.791519434628975205e+01 4.004711425206124886e+01 2.709069493521790495e+00 2.932862190812720726e+01
4.000000000000000000e+01 0.000000000000000000e+00 9.836065573770492065e+00 3.907103825136611874e+01 3.005464480874316724e+00 4.808743169398906758e+01
4.000000000000000000e+01 0.000000000000000000e+00 1.058495821727019504e+01 3.732590529247911348e+01 2.228412256267409575e+00 4.986072423398329079e+01
4.500000000000000000e+01 0.000000000000000000e+00 2.469135802469135665e+00 3.456790123456789843e+01 2.469135802469135665e+00 6.049382716049382935e+01
4.500000000000000000e+01 0.000000000000000000e+00 2.515723270440251902e+00 3.396226415094339757e+01 1.886792452830188704e+00 6.163522012578616227e+01
